#Res	AtomicFlx
1.0	2.8444
2.0	2.1137
3.0	2.0277
4.0	1.8147
5.0	2.2248
6.0	2.9114
7.0	2.8278
8.0	2.2945
9.0	2.144
10.0	2.0551
11.0	2.4716
12.0	2.7678
13.0	2.1306
14.0	2.7878
15.0	3.4003
16.0	2.9495
17.0	2.6598
18.0	2.9089
19.0	2.5149
20.0	2.2915
21.0	2.641
22.0	2.2404
23.0	2.4483
24.0	2.1862
25.0	1.8372
26.0	1.4654
27.0	1.3566
28.0	1.4036
29.0	1.6346
30.0	1.4455
31.0	1.8303
32.0	1.8138
33.0	2.2388
34.0	1.8024
35.0	1.6301
36.0	1.9064
37.0	1.7122
38.0	1.8581
39.0	1.9904
40.0	1.8961
41.0	1.8245
42.0	2.4514
43.0	2.3017
44.0	2.0568
45.0	2.2874
46.0	2.2981
47.0	2.5154
48.0	2.2604
49.0	2.8612
50.0	3.3232
51.0	2.7861
52.0	2.924
53.0	2.6209
54.0	2.839
55.0	2.6296
56.0	2.1716
57.0	2.1776
58.0	1.8323
59.0	1.8602
60.0	1.8357
61.0	1.6198
62.0	1.5183
63.0	1.5306
64.0	1.8508
65.0	1.9303
66.0	2.4254
67.0	2.3903
68.0	2.9913
69.0	2.8784
70.0	3.3522
71.0	3.5317
72.0	3.0747
73.0	3.0925
74.0	2.4982
75.0	2.474
76.0	2.2308
77.0	2.4082
78.0	2.0731
79.0	1.9031
80.0	1.7436
81.0	1.9942
82.0	2.3741
83.0	2.3704
84.0	2.5834
85.0	2.1237
86.0	2.7312
87.0	2.1843
88.0	2.2573
89.0	1.8891
90.0	1.6481
91.0	1.359
92.0	1.2657
93.0	1.1541
94.0	1.2566
95.0	1.5226
96.0	1.8573
97.0	2.1652
98.0	2.0073
99.0	1.9637
100.0	1.8329
101.0	1.3595
102.0	1.3097
103.0	1.2396
104.0	1.2052
105.0	1.5044
106.0	1.6045
107.0	1.9673
108.0	2.3074
109.0	2.362
110.0	2.0704
111.0	1.6005
112.0	1.4968
113.0	1.2592
114.0	1.0901
115.0	1.2827
116.0	1.2184
117.0	1.5948
118.0	1.7386
119.0	1.8716
120.0	2.4762
121.0	2.3813
122.0	2.8533
123.0	2.8935
124.0	2.7849
125.0	3.1627
126.0	3.1825
127.0	2.3468
128.0	2.7927
129.0	3.4184
130.0	2.5079
131.0	2.3842
132.0	3.1761
133.0	2.5693
134.0	2.3723
135.0	2.6616
136.0	2.1282
137.0	1.9183
138.0	1.686
139.0	1.4471
140.0	1.6914
141.0	1.2017
142.0	1.3372
143.0	1.308
144.0	1.4494
145.0	2.0438
146.0	2.1515
147.0	2.3714
148.0	2.6846
149.0	2.4895
150.0	2.2665
151.0	2.6906
152.0	2.6418
153.0	2.0996
154.0	2.2824
155.0	2.4578
156.0	1.9723
157.0	1.8844
158.0	2.3509
159.0	2.2143
160.0	1.7559
161.0	2.1181
162.0	2.385
163.0	1.9879
164.0	1.9158
165.0	2.0242
166.0	2.3595
167.0	2.3077
168.0	2.4061
169.0	2.5156
170.0	2.5431
171.0	3.0707
172.0	2.3957
173.0	2.9486
174.0	3.1059
175.0	2.3272
176.0	2.4403
177.0	2.1262
178.0	2.5311
179.0	1.9879
180.0	1.7625
181.0	2.0179
182.0	1.8795
183.0	2.3881
184.0	2.0584
185.0	2.1158
186.0	1.8491
187.0	1.4897
188.0	1.3598
189.0	1.3133
190.0	1.3001
191.0	1.5538
192.0	1.5808
193.0	1.6097
194.0	1.7859
195.0	1.466
196.0	1.7952
197.0	2.1785
198.0	2.3801
199.0	2.0717
200.0	2.3034
201.0	2.1498
202.0	2.0862
203.0	1.6103
204.0	1.571
205.0	1.2687
206.0	1.4514
207.0	1.2144
208.0	1.5
209.0	1.7346
210.0	1.9181
211.0	1.7692
212.0	1.7619
213.0	2.2313
214.0	1.9195
215.0	2.1203
216.0	2.0816
217.0	2.3862
218.0	1.9675
219.0	1.7243
220.0	2.171
221.0	1.9993
222.0	1.4536
223.0	1.6379
224.0	1.8092
225.0	1.5787
226.0	1.785
227.0	1.7527
228.0	1.9971
229.0	2.1904
230.0	2.7298
231.0	2.7612
232.0	2.5068
233.0	2.444
234.0	2.4334
235.0	2.1005
236.0	1.8278
237.0	1.4537
238.0	1.601
239.0	1.6631
240.0	1.3606
241.0	1.5359
242.0	1.654
243.0	1.6743
244.0	1.631
245.0	1.7429
246.0	1.9943
247.0	1.7507
248.0	2.1749
249.0	2.2188
250.0	1.6792
251.0	2.1261
252.0	1.3775
253.0	1.6301
254.0	1.4815
255.0	1.6572
256.0	1.7567
257.0	2.2509
258.0	1.2497
259.0	1.7694
260.0	1.8753
261.0	1.445
